Table S3. Selected torsion angles of compound 4b.


                                  Torsion angles (°)





Atoms                 XRD                     DFT

S1-C1-N2-C5                  179,9(5)                    179,544

S1-C1-N2-C7                    -1,4(7)                      0,037

C1-N2-C5-C10                 91,3(7)                      -89,069

S3-C1-N2-C5                    -0,6(9)                         -0 ,789

S3-C1-N2-C7                  178,1(5)                    179,702

C1-N2-C7-O1                  -179,8(6)                    -179,858

C10-C5-N2-C7                 90,0(7)                     90,427

C5-N2-C7-O1                   1,4(9)                       0,616

C5-N2-C7-C4                   -178,7(5)                    -179.632

N2-C7-C4-S1                   1,5(6)                       0,123

N2-C7-C4-C3                   -174,5(5)                    -179,548

C7-C4-S1-C1                    -2,0(5)                       -0,089

C4-S1-C1-S3                   177,7(4)                     -179,657

C4-S1-C1-N2                    -1.9(5)                      0.032

C4-C3-N1-C2                   2.5(9)                       0.717

C4-C3-N1-C6                  -178.2(6)                    -179.652

C4-C3-S2-C8                  178.6(5)                    179.709

C3-S2-C8-C6                    -0.1(5)                      0.106

C3-N1-C6-C9                  -178.3(6)                   179.921

C3-N1-C6-C8                   0.7(8)                        -0.167

S2-C8-C6-C9                   -178.6(6)                    -179.979

S2-C8-C6-N1                   0.3(7)                       0.009

C8-C6-N1-C3                    -0.7(8)                       -0.167

C8-C6-N1-C2                  178.6(6)                    179.462

C9-C6-N1-C2                    -2.4(9)                       -0.548

                                     32