C    1.199374  -1.848874  -0.510570
H    1.251571  -2.865418  -0.096608
H    1.566880  -1.950315  -1.541087
C    2.161455  -0.938866  0.274760
H    1.710544  -0.726053  1.252336
C    3.485293  -1.678632  0.526078
H    3.971269  -1.935598  -0.421445
H    4.186226  -1.074800  1.106837
H    3.314811  -2.607843  1.077225
C    2.382633  0.398793  -0.458685
H    1.422723  0.801409  -0.794578
H    2.983959  0.221332  -1.358781
C    3.061076  1.473540  0.378816
H    2.474379  1.659650  1.289303
H    4.065233  1.157228  0.686040
O    3.139785  2.661187  -0.419261
H    3.588241  3.335025  0.101668
O    -2.303908  1.213745  -0.230999
O    -3.642968  1.783812  -0.219081
H    -3.642241  2.248185  0.630128
C    -2.951977  -0.368559  1.533819
H    -2.919934  -1.417175  1.837296
H    -2.385267  0.218202  2.261322
H    -3.992401  -0.038874  1.549764
C    -3.162602  -0.967850  -0.917701
H    -4.184671  -0.587950  -0.929772
H    -2.731724  -0.834870  -1.911933
H    -3.196561  -2.035160  -0.688474





                                     S31