Table S38. Vibrational frequencies (in cm-1) of the optimized structure of S20.

S20 =============================================================

30.9638  47.0354  61.7118  65.0908  95.8256  110.6436  112.8260  126.8384  152.1152
158.6238  167.3094  187.8315  200.5241  205.0513  217.5774  235.7044  257.5671
265.3389  279.4659  290.3326  305.5989  308.7794  317.4721  322.0518  339.6482
344.3179  376.3854  381.8864  386.9165  393.6761  399.4894  422.4824  439.1734
470.9622  523.5940  541.8050  560.8644  581.7433  598.6686  616.0193  623.3996
634.9054  638.2929  706.7055  755.3268  765.2807  778.3894  810.9649  860.4314
881.4504  895.6861  909.1825  916.5928  932.9067  936.1204  955.2544  959.5040
965.2414  975.6870  986.0103  1000.5915  1015.7980  1026.3254  1029.5980  1038.2215
1055.9598   1065.5679   1071.6314   1095.9070   1103.6547   1113.0265   1122.2635
1152.5346   1162.5477   1169.6368   1179.9213   1181.0784   1190.1478   1191.5801
1204.5622   1212.3782   1219.1320   1226.1865   1239.1514   1253.0610   1258.3141
1265.1262   1282.4085   1302.2312   1310.2994   1332.9904   1343.3194   1373.1565
1385.4505   1392.4528   1394.6087   1401.9448   1414.1996   1423.9248   1428.3185
1434.5180   1445.2809   1475.8082   1477.4338   1482.6516   1488.5204   1495.0374
1495.7099   1498.0189   1500.8802   1501.8920   1507.7480   1508.9048   1510.9687
1511.8186   1517.9569   1518.5788   1521.8174   1531.3475   1540.0457   1787.1832
1803.2532   1814.7385   2988.6080   3013.5526   3035.4029   3037.7856   3038.6992
3042.6018   3043.0740   3049.9518   3052.8160   3058.6560   3060.5041   3062.8378
3063.0311   3068.4139   3081.1820   3083.8624   3100.6017   3104.6981   3113.3954
3118.7327   3118.7805   3121.3167   3122.3797   3125.8959   3136.5586   3145.2892
3148.1307  3161.3005  3164.2511  3169.5812





                                   S76